1 2026-01-04 1111.00 0 1 2
2 2026-01-04 22222.00 0 1 3
3 2026-01-04 111.00 1 1 1
4 2026-01-04 111.00 1 1 1
5 2026-01-04 1111.00 1 0 1
6 2026-01-04 111.00 1 1 3
7 2026-01-04 1222.00 0 1 2
8 2026-01-04 4568.00 0 1 1
9 2026-01-04 12345.00 0 0 4
10 2026-01-04 1111.00 1 1 1
11 2026-01-04 1111.00 1 1 1
12 2026-01-04 1.00 1 1 1
13 2026-01-04 1.00 1 1 1
14 2026-01-04 111.00 1 0 1
15 2026-01-04 1.00 1 1 1
16 2026-01-04 1.00 1 1 1
17 2026-01-05 1111.00 0 1 1
18 2026-01-05 1111.00 1 0 1
19 2026-01-05 1600.00 0 1 4
20 2026-01-05 111.00 1 1 1
21 2026-01-05 1111.00 1 1 1
22 2026-01-05 1111.00 1 1 0
23 2026-01-05 1010.00 1 1 5
24 2026-01-05 500.00 0 1 1
25 2026-01-05 100.00 0 1 1
26 2026-01-05 8001.00 0 1 1
27 2026-01-05 20000.00 0 1 1
28 2026-01-05 300000.00 1 1 0
29 2026-01-06 1111.00 1 0 1
30 2026-01-06 1.00 1 1 3
31 2026-01-06 1.00 1 1 1
32 2026-01-06 1000.00 0 1 2
33 2026-01-06 111.00 1 1 1
34 2026-01-06 500.00 1 1 4
35 2026-01-06 5000.00 1 1 4
36 2026-01-06 1111.00 1 1 1
